## Final Characterization Table 

| Test # | nfin_p | nfin_n | Id (A)      | Power (W)  | tpd (ps) | Gain (Av) | NML (V) | NMH (V)  | gm (S)    | f (Hz)      |
|--------|--------|--------|-------------|------------|----------|-----------|---------|----------|-----------|-------------|
|   1    |   4    |   4    | -6.33E-05   | 8.50E-06   |   25.3   |   6.43    | 0.0444  | -0.0320  | 3.53E-04  | 2.25E+10    |
|   2    |   9    |   9    | -1.42E-04   | 1.91E-05   |   25.3   |   6.43    | 0.0444  | -0.0320  | 7.94E-04  | 2.25E+10    |
|   3    |  14    |  14    | -2.22E-04   | 2.97E-05   |   25.3   |   6.43    | 0.0444  | -0.0320  | 1.24E-03  | 2.25E+10    |
|   4    |  17    |  17    | -2.69E-04   | 3.61E-05   |   25.3   |   6.43    | 0.0444  | -0.0320  | 1.50E-03  | 2.25E+10    |
|   5    |   4    |   9    | -8.42E-05   | 1.23E-05   |   24.85  |   6.70    | 0.0265  | -0.0138  | 4.29E-04  | 2.27E+10    |
|   6    |   9    |  14    | -1.78E-04   | 2.37E-05   |   25.02  |   6.52    | 0.0346  | -0.0127  | 8.95E-04  | 2.26E+10    |
|   7    |  14    |  17    | -2.50E-04   | 3.28E-05   |   25.16  |   6.45    | 0.0404  | -0.0124  | 1.31E-03  | 2.25E+10    |
|   8    |  17    |   4    | -7.40E-05   | 1.52E-05   |   26.22  |   6.87    | 0.0611  | -0.0267  | 7.99E-04  | 2.16E+10    |
|   9    |   4    |  14    | -8.70E-05   | 1.45E-05   |   24.63  |   7.04    | 0.0175  | -0.0124  | 4.59E-04  | 2.28E+10    |
|  10    |   9    |  17    | -1.85E-04   | 2.58E-05   |   24.93  |   6.60    | 0.0307  | -0.0120  | 9.34E-04  | 2.27E+10    |
|  11    |  17    |   9    | -7.36E-05   | 1.42E-05   |   26.08  |   6.78    | 0.0613  | -0.0184  | 7.32E-04  | 2.16E+10    |
|  12    |  14    |   4    | -1.60E-04   | 2.53E-05   |   25.68  |   6.53    | 0.0556  | -0.0422  | 1.19E-03  | 2.20E+10    |
